对数组{13,2,33,43,1,34,25,20}
考虑插入排序的这种情况：当有序列的第一个数在原数组的最后一个数时，直到最后一趟排序之前，每个元素都不在最终位置上
（1）直接插入（以哨兵tmp变化为一趟）
时间复杂度为O(n^2)，稳定
2 13 33 43 1 34 25 20 tmp=2
2 13 33 43 1 34 25 20 tmp=33
2 13 33 43 1 34 25 20 tmp=43
1 2 13 33 43 34 25 20 tmp=1
1 2 13 33 34 43 25 20 tmp=34
1 2 13 25 33 34 43 20 tmp=25
1 2 13 20 25 33 34 43 tmp=20

（2）折半插入（以折半中间值mid变换为一趟）
时间复杂度为O(n^2)，稳定
2 13 33 43 1 34 25 20 mid=0
2 13 33 43 1 34 25 20 mid=1
2 13 33 43 1 34 25 20 mid=2
1 2 13 33 43 34 25 20 mid=0
1 2 13 33 34 43 25 20 mid=4
1 2 13 25 33 34 43 20 mid=3
1 2 13 20 25 33 34 43 mid=2

（3）希尔排序（以增量gap变化为一趟）
最坏情况下，时间复杂度O(n^2），不稳定
1 2 25 20 13 34 33 43 gap=4
1 2 13 20 25 34 33 43 gap=2
1 2 13 20 25 33 34 43 gap=1

7.2试题
1 2  3 4     5 6 7  8 9 10 11 12 13 14 15   16 17 18
b d? d (d,a) c b d? a b b  c  b  a  c  bd?  c  c  a  source
b a  d (d,a) c b c  a b b  c  b  a  c  a    c  c  a  answer
√ x  √ (√,√) √ √ x  √ √ √  √  √  √  √  x    √  √  √

4,5,1,2,6,3
1,4,5,2,6,3
1,2,4,5,6,3
1,2,4,5,6,3
1,2,3,4,5,6

50,8,30,40,20,90,26,38,80,70
26,8,30,40,20,80,50,38,90,70
8,20,26,30,38,40,50,70,80,90